1.000000
,-1.994118
,0.994186
,0.004111
,0.000000
,-0.004111
,1.000000
,-1.992572
,0.992679
,0.005176
,0.000000
,-0.005176
,1.000000
,-1.990614
,0.990785
,0.006516
,0.000000
,-0.006516
,1.000000
,-1.988132
,0.988403
,0.008200
,0.000000
,-0.008200
,1.000000
,-1.984981
,0.985410
,0.010316
,0.000000
,-0.010316
,1.000000
,-1.980971
,0.981651
,0.012973
,0.000000
,-0.012973
,1.000000
,-1.975859
,0.976935
,0.016306
,0.000000
,-0.016306
,1.000000
,-1.969321
,0.971025
,0.020482
,0.000000
,-0.020482
,1.000000
,-1.960934
,0.963628
,0.025707
,0.000000
,-0.025707
,1.000000
,-1.950130
,0.954387
,0.032229
,0.000000
,-0.032229
